Vertex Count: 720

Data:
0 -1 0 0.181819 0 0.1024 -0.9435 0.3151
0.425323 -0.850654 0.309011 0.227273 0.078731 0.1024 -0.9435 0.3151
-0.162456 -0.850654 0.499995 0.136365 0.078731 0.1024 -0.9435 0.3151
0.723607 -0.44722 0.525725 0.272728 0.157461 0.7002 -0.6617 0.268
0.425323 -0.850654 0.309011 0.318182 0.078731 0.7002 -0.6617 0.268
0.850648 -0.525736 0 0.363637 0.157461 0.7002 -0.6617 0.268
0 -1 0 0.909091 0 -0.268 -0.9435 0.1947
-0.162456 -0.850654 0.499995 0.954545 0.078731 -0.268 -0.9435 0.1947
-0.52573 -0.850652 0 0.863636 0.078731 -0.268 -0.9435 0.1947
0 -1 0 0.727273 0 -0.268 -0.9435 -0.1947
-0.52573 -0.850652 0 0.772727 0.078731 -0.268 -0.9435 -0.1947
-0.162456 -0.850654 -0.499995 0.681818 0.078731 -0.268 -0.9435 -0.1947
0 -1 0 0.545455 0 0.1024 -0.9435 -0.3151
-0.162456 -0.850654 -0.499995 0.590909 0.078731 0.1024 -0.9435 -0.3151
0.425323 -0.850654 -0.309011 0.5 0.078731 0.1024 -0.9435 -0.3151
0.723607 -0.44722 0.525725 0.272728 0.157461 0.905 -0.3304 0.268
0.850648 -0.525736 0 0.363637 0.157461 0.905 -0.3304 0.268
0.951058 0 0.309013 0.318182 0.236191 0.905 -0.3304 0.268
-0.276388 -0.44722 0.850649 0.09091 0.157461 0.0247 -0.3304 0.9435
0.262869 -0.525738 0.809012 0.181819 0.157461 0.0247 -0.3304 0.9435
0 0 1 0.136365 0.236191 0.0247 -0.3304 0.9435
-0.894426 -0.447216 0 0.818182 0.157461 -0.8897 -0.3304 0.3151
-0.688189 -0.525736 0.499997 0.909091 0.157461 -0.8897 -0.3304 0.3151
-0.951058 0 0.309013 0.863636 0.236191 -0.8897 -0.3304 0.3151
-0.276388 -0.44722 -0.850649 0.636364 0.157461 -0.5746 -0.3304 -0.7488
-0.688189 -0.525736 -0.499997 0.727273 0.157461 -0.5746 -0.3304 -0.7488
-0.587786 0 -0.809017 0.681818 0.236191 -0.5746 -0.3304 -0.7488
0.723607 -0.44722 -0.525725 0.454546 0.157461 0.5346 -0.3304 -0.7779
0.262869 -0.525738 -0.809012 0.545455 0.157461 0.5346 -0.3304 -0.7779
0.587786 0 -0.809017 0.5 0.236191 0.5346 -0.3304 -0.7779
0.723607 -0.44722 0.525725 0.272728 0.157461 0.8026 -0.1256 0.5831
0.951058 0 0.309013 0.318182 0.236191 0.8026 -0.1256 0.5831
0.587786 0 0.809017 0.227273 0.236191 0.8026 -0.1256 0.5831
-0.276388 -0.44722 0.850649 0.09091 0.157461 -0.3066 -0.1256 0.9435
0 0 1 0.136365 0.236191 -0.3066 -0.1256 0.9435
-0.587786 0 0.809017 0.045455 0.236191 -0.3066 -0.1256 0.9435
-0.894426 -0.447216 0 0.818182 0.157461 -0.9921 -0.1256 0
-0.951058 0 0.309013 0.863636 0.236191 -0.9921 -0.1256 0
-0.951058 0 -0.309013 0.772727 0.236191 -0.9921 -0.1256 0
-0.276388 -0.44722 -0.850649 0.636364 0.157461 -0.3066 -0.1256 -0.9435
-0.587786 0 -0.809017 0.681818 0.236191 -0.3066 -0.1256 -0.9435
0 0 -1 0.590909 0.236191 -0.3066 -0.1256 -0.9435
0.723607 -0.44722 -0.525725 0.454546 0.157461 0.8026 -0.1256 -0.5831
0.587786 0 -0.809017 0.5 0.236191 0.8026 -0.1256 -0.5831
0.951058 0 -0.309013 0.409092 0.236191 0.8026 -0.1256 -0.5831
0.276388 0.44722 0.850649 0.181819 0.314921 0.4089 0.6617 0.6284
0.688189 0.525736 0.499997 0.272728 0.314921 0.4089 0.6617 0.6284
0.162456 0.850654 0.499995 0.227273 0.393651 0.4089 0.6617 0.6284
-0.723607 0.44722 0.525725 0 0.314921 -0.4713 0.6617 0.5831
-0.262869 0.525738 0.809012 0.09091 0.314921 -0.4713 0.6617 0.5831
-0.425323 0.850654 0.309011 0.045455 0.393651 -0.4713 0.6617 0.5831
-0.723607 0.44722 -0.525725 0.727273 0.314921 -0.7002 0.6617 -0.268
-0.850648 0.525736 0 0.818182 0.314921 -0.7002 0.6617 -0.268
-0.425323 0.850654 -0.309011 0.772727 0.393651 -0.7002 0.6617 -0.268
0.276388 0.44722 -0.850649 0.545455 0.314921 0.0385 0.6617 -0.7488
-0.262869 0.525738 -0.809012 0.636364 0.314921 0.0385 0.6617 -0.7488
0.162456 0.850654 -0.499995 0.590909 0.393651 0.0385 0.6617 -0.7488
0.894426 0.447216 0 0.363637 0.314921 0.724 0.6617 -0.1947
0.688189 0.525736 -0.499997 0.454546 0.314921 0.724 0.6617 -0.1947
0.52573 0.850652 0 0.409092 0.393651 0.724 0.6617 -0.1947
0.52573 0.850652 0 0.409092 0.393651 0.268 0.9435 -0.1947
0.162456 0.850654 -0.499995 0.5 0.393651 0.268 0.9435 -0.1947
0 1 0 0.454546 0.472382 0.268 0.9435 -0.1947
0.52573 0.850652 0 0.409092 0.393651 0.4911 0.7947 -0.3568
0.688189 0.525736 -0.499997 0.454546 0.314921 0.4911 0.7947 -0.3568
0.162456 0.850654 -0.499995 0.5 0.393651 0.4911 0.7947 -0.3568
0.688189 0.525736 -0.499997 0.454546 0.314921 0.4089 0.6617 -0.6284
0.276388 0.44722 -0.850649 0.545455 0.314921 0.4089 0.6617 -0.6284
0.162456 0.850654 -0.499995 0.5 0.393651 0.4089 0.6617 -0.6284
0.162456 0.850654 -0.499995 0.590909 0.393651 -0.1024 0.9435 -0.3151
-0.425323 0.850654 -0.309011 0.681818 0.393651 -0.1024 0.9435 -0.3151
0 1 0 0.636364 0.472382 -0.1024 0.9435 -0.3151
0.162456 0.850654 -0.499995 0.590909 0.393651 -0.1876 0.7947 -0.5773
-0.262869 0.525738 -0.809012 0.636364 0.314921 -0.1876 0.7947 -0.5773
-0.425323 0.850654 -0.309011 0.681818 0.393651 -0.1876 0.7947 -0.5773
-0.262869 0.525738 -0.809012 0.636364 0.314921 -0.4713 0.6617 -0.5831
-0.723607 0.44722 -0.525725 0.727273 0.314921 -0.4713 0.6617 -0.5831
-0.425323 0.850654 -0.309011 0.681818 0.393651 -0.4713 0.6617 -0.5831
-0.425323 0.850654 -0.309011 0.772727 0.393651 -0.3313 0.9435 0
-0.425323 0.850654 0.309011 0.863636 0.393651 -0.3313 0.9435 0
0 1 0 0.818182 0.472382 -0.3313 0.9435 0
-0.425323 0.850654 -0.309011 0.772727 0.393651 -0.6071 0.7947 0
-0.850648 0.525736 0 0.818182 0.314921 -0.6071 0.7947 0
-0.425323 0.850654 0.309011 0.863636 0.393651 -0.6071 0.7947 0
-0.850648 0.525736 0 0.818182 0.314921 -0.7002 0.6617 0.268
-0.723607 0.44722 0.525725 0.909091 0.314921 -0.7002 0.6617 0.268
-0.425323 0.850654 0.309011 0.863636 0.393651 -0.7002 0.6617 0.268
-0.425323 0.850654 0.309011 0.045455 0.393651 -0.1024 0.9435 0.3151
0.162456 0.850654 0.499995 0.136365 0.393651 -0.1024 0.9435 0.3151
0 1 0 0.09091 0.472382 -0.1024 0.9435 0.3151
-0.425323 0.850654 0.309011 0.045455 0.393651 -0.1876 0.7947 0.5773
-0.262869 0.525738 0.809012 0.09091 0.314921 -0.1876 0.7947 0.5773
0.162456 0.850654 0.499995 0.136365 0.393651 -0.1876 0.7947 0.5773
-0.262869 0.525738 0.809012 0.09091 0.314921 0.0385 0.6617 0.7488
0.276388 0.44722 0.850649 0.181819 0.314921 0.0385 0.6617 0.7488
0.162456 0.850654 0.499995 0.136365 0.393651 0.0385 0.6617 0.7488
0.162456 0.850654 0.499995 0.227273 0.393651 0.268 0.9435 0.1947
0.52573 0.850652 0 0.318182 0.393651 0.268 0.9435 0.1947
0 1 0 0.272728 0.472382 0.268 0.9435 0.1947
0.162456 0.850654 0.499995 0.227273 0.393651 0.4911 0.7947 0.3568
0.688189 0.525736 0.499997 0.272728 0.314921 0.4911 0.7947 0.3568
0.52573 0.850652 0 0.318182 0.393651 0.4911 0.7947 0.3568
0.688189 0.525736 0.499997 0.272728 0.314921 0.724 0.6617 0.1947
0.894426 0.447216 0 0.363637 0.314921 0.724 0.6617 0.1947
0.52573 0.850652 0 0.318182 0.393651 0.724 0.6617 0.1947
0.951058 0 -0.309013 0.409092 0.236191 0.8897 0.3304 -0.3151
0.688189 0.525736 -0.499997 0.454546 0.314921 0.8897 0.3304 -0.3151
0.894426 0.447216 0 0.363637 0.314921 0.8897 0.3304 -0.3151
0.951058 0 -0.309013 0.409092 0.236191 0.7947 0.1876 -0.5773
0.587786 0 -0.809017 0.5 0.236191 0.7947 0.1876 -0.5773
0.688189 0.525736 -0.499997 0.454546 0.314921 0.7947 0.1876 -0.5773
0.587786 0 -0.809017 0.5 0.236191 0.5746 0.3304 -0.7488
0.276388 0.44722 -0.850649 0.545455 0.314921 0.5746 0.3304 -0.7488
0.688189 0.525736 -0.499997 0.454546 0.314921 0.5746 0.3304 -0.7488
0 0 -1 0.590909 0.236191 -0.0247 0.3304 -0.9435
-0.262869 0.525738 -0.809012 0.636364 0.314921 -0.0247 0.3304 -0.9435
0.276388 0.44722 -0.850649 0.545455 0.314921 -0.0247 0.3304 -0.9435
0 0 -1 0.590909 0.236191 -0.3035 0.1876 -0.9342
-0.587786 0 -0.809017 0.681818 0.236191 -0.3035 0.1876 -0.9342
-0.262869 0.525738 -0.809012 0.636364 0.314921 -0.3035 0.1876 -0.9342
-0.587786 0 -0.809017 0.681818 0.236191 -0.5346 0.3304 -0.7779
-0.723607 0.44722 -0.525725 0.727273 0.314921 -0.5346 0.3304 -0.7779
-0.262869 0.525738 -0.809012 0.636364 0.314921 -0.5346 0.3304 -0.7779
-0.951058 0 -0.309013 0.772727 0.236191 -0.905 0.3304 -0.268
-0.850648 0.525736 0 0.818182 0.314921 -0.905 0.3304 -0.268
-0.723607 0.44722 -0.525725 0.727273 0.314921 -0.905 0.3304 -0.268
-0.951058 0 -0.309013 0.772727 0.236191 -0.9822 0.1876 0
-0.951058 0 0.309013 0.863636 0.236191 -0.9822 0.1876 0
-0.850648 0.525736 0 0.818182 0.314921 -0.9822 0.1876 0
-0.951058 0 0.309013 0.863636 0.236191 -0.905 0.3304 0.268
-0.723607 0.44722 0.525725 0.909091 0.314921 -0.905 0.3304 0.268
-0.850648 0.525736 0 0.818182 0.314921 -0.905 0.3304 0.268
-0.587786 0 0.809017 0.045455 0.236191 -0.5346 0.3304 0.7779
-0.262869 0.525738 0.809012 0.09091 0.314921 -0.5346 0.3304 0.7779
-0.723607 0.44722 0.525725 0 0.314921 -0.5346 0.3304 0.7779
-0.587786 0 0.809017 0.045455 0.236191 -0.3035 0.1876 0.9342
0 0 1 0.136365 0.236191 -0.3035 0.1876 0.9342
-0.262869 0.525738 0.809012 0.09091 0.314921 -0.3035 0.1876 0.9342
0 0 1 0.136365 0.236191 -0.0247 0.3304 0.9435
0.276388 0.44722 0.850649 0.181819 0.314921 -0.0247 0.3304 0.9435
-0.262869 0.525738 0.809012 0.09091 0.314921 -0.0247 0.3304 0.9435
0.587786 0 0.809017 0.227273 0.236191 0.5746 0.3304 0.7488
0.688189 0.525736 0.499997 0.272728 0.314921 0.5746 0.3304 0.7488
0.276388 0.44722 0.850649 0.181819 0.314921 0.5746 0.3304 0.7488
0.587786 0 0.809017 0.227273 0.236191 0.7947 0.1876 0.5773
0.951058 0 0.309013 0.318182 0.236191 0.7947 0.1876 0.5773
0.688189 0.525736 0.499997 0.272728 0.314921 0.7947 0.1876 0.5773
0.951058 0 0.309013 0.318182 0.236191 0.8897 0.3304 0.3151
0.894426 0.447216 0 0.363637 0.314921 0.8897 0.3304 0.3151
0.688189 0.525736 0.499997 0.272728 0.314921 0.8897 0.3304 0.3151
0.587786 0 -0.809017 0.5 0.236191 0.3066 0.1256 -0.9435
0 0 -1 0.590909 0.236191 0.3066 0.1256 -0.9435
0.276388 0.44722 -0.850649 0.545455 0.314921 0.3066 0.1256 -0.9435
0.587786 0 -0.809017 0.5 0.236191 0.3035 -0.1876 -0.9342
0.262869 -0.525738 -0.809012 0.545455 0.157461 0.3035 -0.1876 -0.9342
0 0 -1 0.590909 0.236191 0.3035 -0.1876 -0.9342
0.262869 -0.525738 -0.809012 0.545455 0.157461 0.0247 -0.3304 -0.9435
-0.276388 -0.44722 -0.850649 0.636364 0.157461 0.0247 -0.3304 -0.9435
0 0 -1 0.590909 0.236191 0.0247 -0.3304 -0.9435
-0.587786 0 -0.809017 0.681818 0.236191 -0.8026 0.1256 -0.5831
-0.951058 0 -0.309013 0.772727 0.236191 -0.8026 0.1256 -0.5831
-0.723607 0.44722 -0.525725 0.727273 0.314921 -0.8026 0.1256 -0.5831
-0.587786 0 -0.809017 0.681818 0.236191 -0.7947 -0.1876 -0.5773
-0.688189 -0.525736 -0.499997 0.727273 0.157461 -0.7947 -0.1876 -0.5773
-0.951058 0 -0.309013 0.772727 0.236191 -0.7947 -0.1876 -0.5773
-0.688189 -0.525736 -0.499997 0.727273 0.157461 -0.8897 -0.3304 -0.3151
-0.894426 -0.447216 0 0.818182 0.157461 -0.8897 -0.3304 -0.3151
-0.951058 0 -0.309013 0.772727 0.236191 -0.8897 -0.3304 -0.3151
-0.951058 0 0.309013 0.863636 0.236191 -0.8026 0.1256 0.5831
-0.587786 0 0.809017 0.954545 0.236191 -0.8026 0.1256 0.5831
-0.723607 0.44722 0.525725 0.909091 0.314921 -0.8026 0.1256 0.5831
-0.951058 0 0.309013 0.863636 0.236191 -0.7947 -0.1876 0.5773
-0.688189 -0.525736 0.499997 0.909091 0.157461 -0.7947 -0.1876 0.5773
-0.587786 0 0.809017 0.954545 0.236191 -0.7947 -0.1876 0.5773
-0.688189 -0.525736 0.499997 0.909091 0.157461 -0.5746 -0.3304 0.7488
-0.276388 -0.44722 0.850649 1 0.157461 -0.5746 -0.3304 0.7488
-0.587786 0 0.809017 0.954545 0.236191 -0.5746 -0.3304 0.7488
0 0 1 0.136365 0.236191 0.3066 0.1256 0.9435
0.587786 0 0.809017 0.227273 0.236191 0.3066 0.1256 0.9435
0.276388 0.44722 0.850649 0.181819 0.314921 0.3066 0.1256 0.9435
0 0 1 0.136365 0.236191 0.3035 -0.1876 0.9342
0.262869 -0.525738 0.809012 0.181819 0.157461 0.3035 -0.1876 0.9342
0.587786 0 0.809017 0.227273 0.236191 0.3035 -0.1876 0.9342
0.262869 -0.525738 0.809012 0.181819 0.157461 0.5346 -0.3304 0.7779
0.723607 -0.44722 0.525725 0.272728 0.157461 0.5346 -0.3304 0.7779
0.587786 0 0.809017 0.227273 0.236191 0.5346 -0.3304 0.7779
0.951058 0 0.309013 0.318182 0.236191 0.9921 0.1256 0
0.951058 0 -0.309013 0.409092 0.236191 0.9921 0.1256 0
0.894426 0.447216 0 0.363637 0.314921 0.9921 0.1256 0
0.951058 0 0.309013 0.318182 0.236191 0.9822 -0.1876 0
0.850648 -0.525736 0 0.363637 0.157461 0.9822 -0.1876 0
0.951058 0 -0.309013 0.409092 0.236191 0.9822 -0.1876 0
0.850648 -0.525736 0 0.363637 0.157461 0.905 -0.3304 -0.268
0.723607 -0.44722 -0.525725 0.454546 0.157461 0.905 -0.3304 -0.268
0.951058 0 -0.309013 0.409092 0.236191 0.905 -0.3304 -0.268
0.425323 -0.850654 -0.309011 0.5 0.078731 0.4713 -0.6617 -0.5831
0.262869 -0.525738 -0.809012 0.545455 0.157461 0.4713 -0.6617 -0.5831
0.723607 -0.44722 -0.525725 0.454546 0.157461 0.4713 -0.6617 -0.5831
0.425323 -0.850654 -0.309011 0.5 0.078731 0.1876 -0.7947 -0.5773
-0.162456 -0.850654 -0.499995 0.590909 0.078731 0.1876 -0.7947 -0.5773
0.262869 -0.525738 -0.809012 0.545455 0.157461 0.1876 -0.7947 -0.5773
-0.162456 -0.850654 -0.499995 0.590909 0.078731 -0.0385 -0.6617 -0.7488
-0.276388 -0.44722 -0.850649 0.636364 0.157461 -0.0385 -0.6617 -0.7488
0.262869 -0.525738 -0.809012 0.545455 0.157461 -0.0385 -0.6617 -0.7488
-0.162456 -0.850654 -0.499995 0.681818 0.078731 -0.4089 -0.6617 -0.6284
-0.688189 -0.525736 -0.499997 0.727273 0.157461 -0.4089 -0.6617 -0.6284
-0.276388 -0.44722 -0.850649 0.636364 0.157461 -0.4089 -0.6617 -0.6284
-0.162456 -0.850654 -0.499995 0.681818 0.078731 -0.4911 -0.7947 -0.3568
-0.52573 -0.850652 0 0.772727 0.078731 -0.4911 -0.7947 -0.3568
-0.688189 -0.525736 -0.499997 0.727273 0.157461 -0.4911 -0.7947 -0.3568
-0.52573 -0.850652 0 0.772727 0.078731 -0.724 -0.6617 -0.1947
-0.894426 -0.447216 0 0.818182 0.157461 -0.724 -0.6617 -0.1947
-0.688189 -0.525736 -0.499997 0.727273 0.157461 -0.724 -0.6617 -0.1947
-0.52573 -0.850652 0 0.863636 0.078731 -0.724 -0.6617 0.1947
-0.688189 -0.525736 0.499997 0.909091 0.157461 -0.724 -0.6617 0.1947
-0.894426 -0.447216 0 0.818182 0.157461 -0.724 -0.6617 0.1947
-0.52573 -0.850652 0 0.863636 0.078731 -0.4911 -0.7947 0.3568
-0.162456 -0.850654 0.499995 0.954545 0.078731 -0.4911 -0.7947 0.3568
-0.688189 -0.525736 0.499997 0.909091 0.157461 -0.4911 -0.7947 0.3568
-0.162456 -0.850654 0.499995 0.954545 0.078731 -0.4089 -0.6617 0.6284
-0.276388 -0.44722 0.850649 1 0.157461 -0.4089 -0.6617 0.6284
-0.688189 -0.525736 0.499997 0.909091 0.157461 -0.4089 -0.6617 0.6284
0.850648 -0.525736 0 0.363637 0.157461 0.7002 -0.6617 -0.268
0.425323 -0.850654 -0.309011 0.409092 0.078731 0.7002 -0.6617 -0.268
0.723607 -0.44722 -0.525725 0.454546 0.157461 0.7002 -0.6617 -0.268
0.850648 -0.525736 0 0.363637 0.157461 0.6071 -0.7947 0
0.425323 -0.850654 0.309011 0.318182 0.078731 0.6071 -0.7947 0
0.425323 -0.850654 -0.309011 0.409092 0.078731 0.6071 -0.7947 0
0.425323 -0.850654 0.309011 0.318182 0.078731 0.3313 -0.9435 0
0 -1 0 0.363637 0 0.3313 -0.9435 0
0.425323 -0.850654 -0.309011 0.409092 0.078731 0.3313 -0.9435 0
-0.162456 -0.850654 0.499995 0.136365 0.078731 -0.0385 -0.6617 0.7488
0.262869 -0.525738 0.809012 0.181819 0.157461 -0.0385 -0.6617 0.7488
-0.276388 -0.44722 0.850649 0.09091 0.157461 -0.0385 -0.6617 0.7488
-0.162456 -0.850654 0.499995 0.136365 0.078731 0.1876 -0.7947 0.5773
0.425323 -0.850654 0.309011 0.227273 0.078731 0.1876 -0.7947 0.5773
0.262869 -0.525738 0.809012 0.181819 0.157461 0.1876 -0.7947 0.5773
0.425323 -0.850654 0.309011 0.227273 0.078731 0.4713 -0.6617 0.5831
0.723607 -0.44722 0.525725 0.272728 0.157461 0.4713 -0.6617 0.5831
0.262869 -0.525738 0.809012 0.181819 0.157461 0.4713 -0.6617 0.5831
